-13.383265 
-39.062695 
-56.369400 
-56.509880 
-55.883560 
-56.251404 
-56.253296 
-56.479309 
-53.533649 
-53.012260 
-55.651894 
-56.014565 
-55.514328 
-55.343418 
-55.671291 
-55.920204 
-54.570831 
-52.638439 
-49.833187 
-46.351528 
-46.597137 
-47.522587 
-30.681713 
-30.185806 
-31.266813 
-28.303110 
-27.911602 
-26.845928 
-24.670830 
-25.044134 
-26.849127 
-27.240334 
-29.075985 
-31.564198 
-33.507877 
-37.231213 
-42.541561 
-46.564751 
-37.950512 
-35.002525 
-32.365067 
-11.819754 
-7.783517 
-7.887498 
-11.092993 
-13.098951 
-11.195346 
-11.023581 
-10.805140 
-10.893900 
-12.096132 
-11.773234 
-11.194206 
-11.875834 
-4.573891 
3.610161 
8.437763 
9.741665 
10.136337 
9.703774 
7.578448 
5.990188 
4.968444 
4.378047 
3.616436 
2.419126 
-0.296139 
-3.719934 
-2.968470 
-2.121520 
-1.453004 
0.038832 
1.967655 
2.556711 
1.589837 
-1.111103 
-3.604947 
-2.564916 
-1.851351 
-1.579801 
-2.125500 
-3.331821 
-4.607387 
-7.452507 
-14.611449 
-26.083010 
-45.902866 
-11.125984 
-6.342124 
-2.350321 
-0.183834 
1.806913 
3.128724 
2.205403 
-1.080284 
-6.564616 
-13.392402 
-15.100670 
-12.183083 
-7.087586 
-3.640113 
-2.570110 
-3.596512 
-5.983989 
-9.004546 
-11.603211 
-8.933693 
-0.474229 
5.958669 
6.850230 
4.789557 
4.190565 
3.967214 
3.453330 
2.482672 
1.010968 
-1.214771 
-3.461883 
-3.660124 
-3.717809 
-3.586247 
-3.372109 
-3.455481 
-4.119603 
-6.476264 
-10.999564 
-10.781578 
-10.315144 
-11.011618 
-13.103986 
-23.166367 
-29.383867 
-11.524777 
-5.687467 
-3.045944 
-2.501254 
-3.324388 
-4.491311 
-5.370586 
-6.178982 
-7.403363 
-8.815623 
-10.385248 
-12.415591 
-14.739213 
-18.667728 
-26.103512 
-39.764275 
-54.907257 
-53.862339 
-52.548866 
-22.571617 
-15.741785 
-13.341309 
-9.629832 
-6.556211 
-6.785591 
-9.423177 
-8.320379 
-0.178704 
3.326221 
4.327118 
4.224938 
3.840164 
4.238314 
3.813471 
1.097964 
-3.739975 
-10.011259 
-10.370736 
-4.697722 
-2.437414 
-4.623811 
-9.820470 
-8.290588 
-8.760685 
-12.643233 
-18.289206 
-10.587055 
-4.705493 
-2.946682 
-3.298888 
-3.708572 
-3.692779 
-4.319988 
-5.240424 
-4.884401 
-3.191290 
-1.681466 
-1.248387 
-1.656423 
-2.321815 
-3.135912 
-3.926911 
-5.222722 
-8.614538 
-13.696175 
-16.118515 
-16.018116 
-15.575478 
-17.761742 
-29.272449 
-42.871967 
-52.115891 
-54.752846 
-5.556765 
0.489233 
1.133893 
-1.888928 
-5.806521 
-9.634769 
-14.411460 
-43.002106 
-55.808807 
-57.385933 
-11.732199 
-5.849542 
-5.478623 
-9.254944 
-14.226813 
-10.888625 
-6.980839 
-5.085497 
-3.008309 
-1.138889 
0.145212 
0.177378 
-1.545311 
-3.690323 
-4.168475 
-3.582886 
-3.256546 
-3.281823 
-3.620998 
-4.756875 
-6.450091 
-8.145747 
-10.358621 
-14.950776 
-19.012787 
-18.034927 
-18.100655 
-18.471275 
-19.393805 
-20.011181 
-19.939672 
-19.639109 
-20.839193 
-25.431488 
-31.694014 
-35.262386 
-38.847729 
-51.596924 
-55.528168 
-54.765800 
-55.652534 
-54.815468 
-54.735481 
-54.908806 
-54.277588 
-55.666168 
-56.127354 
-55.003201 
-54.303802 
-52.903366 
