0.992508 
0.963292 
0.377590 
0.317986 
0.321525 
0.263921 
0.225530 
0.314584 
0.522585 
0.479663 
0.308649 
0.320799 
0.274422 
0.312586 
0.320650 
0.332985 
0.422271 
0.516725 
0.701620 
0.831364 
0.821621 
0.742571 
0.801593 
0.803173 
0.791514 
0.795944 
0.712548 
0.704615 
0.753037 
0.735368 
0.712487 
0.727095 
0.730964 
0.739211 
0.764345 
0.809493 
0.895678 
0.767399 
0.941741 
0.814343 
0.565478 
0.976642 
0.981651 
0.979969 
0.750167 
-0.326482 
-0.532014 
-0.591517 
-0.641303 
-0.668452 
-0.623177 
-0.649832 
-0.541118 
-0.181251 
0.898100 
0.968739 
0.965000 
0.954687 
0.961634 
0.959757 
0.945263 
0.948048 
0.963334 
0.975434 
0.978541 
0.979524 
0.980617 
0.983470 
0.992952 
0.993591 
0.992391 
0.992277 
0.980212 
0.977690 
0.974733 
0.979576 
0.992834 
0.991012 
0.987252 
0.981706 
0.977823 
0.969415 
0.909963 
0.823454 
0.795336 
0.976804 
0.819509 
0.929773 
0.913323 
0.862560 
0.899898 
0.961122 
0.975244 
0.981849 
0.978796 
0.973688 
0.878274 
0.642613 
0.815605 
0.968583 
0.985202 
0.983932 
0.982592 
0.984394 
0.978780 
0.981691 
0.983133 
0.976604 
0.981834 
0.975014 
0.963651 
0.964441 
0.965200 
0.966941 
0.968324 
0.971672 
0.976979 
0.988151 
0.994064 
0.992839 
0.991936 
0.992710 
0.993669 
0.994784 
0.993414 
0.940711 
0.472228 
0.295870 
0.254161 
0.301460 
0.761581 
0.917467 
0.989599 
0.996959 
0.991629 
0.984417 
0.974864 
0.977771 
0.978953 
0.978705 
0.970740 
0.977544 
0.982334 
0.983468 
0.988125 
0.983241 
0.972827 
0.877059 
0.417078 
0.460055 
0.550068 
0.811036 
0.843511 
0.923187 
0.992720 
0.996434 
0.996274 
0.829682 
0.657316 
0.930598 
0.957407 
0.951545 
0.949129 
0.951646 
0.958636 
0.965345 
0.976249 
0.984752 
0.981663 
0.976369 
0.973642 
0.977257 
0.897893 
-0.115492 
-0.635450 
-0.676021 
-0.576178 
-0.086678 
0.975992 
0.995464 
0.994316 
0.993950 
0.993968 
0.993899 
0.992261 
0.985553 
0.980942 
0.981801 
0.984659 
0.985024 
0.985690 
0.985484 
0.984606 
0.985016 
0.985382 
0.975192 
0.800092 
0.217249 
0.011206 
-0.015370 
0.051146 
0.605322 
0.918655 
0.592381 
0.448942 
0.007749 
-0.167720 
-0.236182 
-0.227523 
-0.157135 
-0.090040 
-0.102742 
0.425896 
0.302789 
0.260045 
0.262361 
-0.075101 
-0.037938 
0.344477 
0.581561 
0.894259 
0.931061 
0.935633 
0.945781 
0.950914 
0.967893 
0.965998 
0.960164 
0.959216 
0.962865 
0.963039 
0.964135 
0.968199 
0.969379 
0.966017 
0.961773 
0.972734 
0.980053 
0.953476 
-0.117331 
-0.635722 
-0.618810 
-0.635693 
-0.615007 
-0.615766 
-0.656960 
-0.685126 
-0.663437 
-0.520298 
-0.119500 
0.418205 
0.842132 
0.658159 
0.427672 
0.423697 
0.344698 
0.423737 
0.409617 
0.338473 
0.359912 
0.338674 
0.402213 
0.463454 
0.484392 
0.521484 
