0.667628 
0.621218 
0.158326 
0.142252 
0.177972 
0.138228 
0.169127 
0.183806 
0.178023 
0.183663 
0.161709 
0.123582 
0.165179 
0.150267 
0.152421 
0.094789 
0.117866 
0.161965 
0.176451 
0.267951 
0.304762 
0.171178 
0.229384 
0.189237 
0.194669 
0.412952 
0.305245 
0.235669 
0.387628 
0.360200 
0.231501 
0.252365 
0.381117 
0.334444 
0.333805 
0.219451 
0.116487 
0.189057 
0.175012 
0.173445 
0.120704 
0.520667 
0.592049 
0.695348 
0.614162 
0.134662 
0.121588 
0.111918 
0.146753 
0.230678 
0.175971 
0.152623 
0.141698 
0.127778 
0.503109 
0.768524 
0.872315 
0.860294 
0.878309 
0.851166 
0.860903 
0.881183 
0.882227 
0.880305 
0.863039 
0.877093 
0.825212 
0.771367 
0.872479 
0.852945 
0.856482 
0.824199 
0.825992 
0.850735 
0.838705 
0.773515 
0.815975 
0.838889 
0.852973 
0.845964 
0.834779 
0.820611 
0.714575 
0.477948 
0.352356 
0.641805 
0.405230 
0.440663 
0.591035 
0.362140 
0.392587 
0.780238 
0.863024 
0.863081 
0.831728 
0.740182 
0.621564 
0.497616 
0.627539 
0.775828 
0.868122 
0.868382 
0.856360 
0.842094 
0.812822 
0.820428 
0.740388 
0.733899 
0.833421 
0.869282 
0.826198 
0.863212 
0.850953 
0.855814 
0.862034 
0.850658 
0.840796 
0.809804 
0.874872 
0.869754 
0.871006 
0.872268 
0.873384 
0.871893 
0.856361 
0.525332 
0.277935 
0.250016 
0.309524 
0.400512 
0.328699 
0.342662 
0.573484 
0.829068 
0.831077 
0.845234 
0.818752 
0.823196 
0.817406 
0.828477 
0.818106 
0.824441 
0.819075 
0.818405 
0.818392 
0.703589 
0.569645 
0.329726 
0.148540 
0.190429 
0.231560 
0.428745 
0.239792 
0.335987 
0.656104 
0.867398 
0.871310 
0.517560 
0.223038 
0.688560 
0.791275 
0.821119 
0.826039 
0.834537 
0.845510 
0.852917 
0.813757 
0.744648 
0.742996 
0.728304 
0.768509 
0.880004 
0.738321 
0.305806 
0.170542 
0.185817 
0.167774 
0.136039 
0.599153 
0.866345 
0.869464 
0.864750 
0.865224 
0.871464 
0.859907 
0.819628 
0.856559 
0.853329 
0.871134 
0.861270 
0.859139 
0.851908 
0.847680 
0.844818 
0.834191 
0.773034 
0.476338 
0.099157 
0.089025 
0.111684 
0.164407 
0.110006 
0.728210 
0.434176 
0.106762 
0.145644 
0.116628 
0.151745 
0.168398 
0.142980 
0.143399 
0.188504 
0.281749 
0.113629 
0.082687 
0.164907 
0.196342 
0.174352 
0.310388 
0.316429 
0.638457 
0.746043 
0.760406 
0.771790 
0.810651 
0.824362 
0.813824 
0.757164 
0.786313 
0.788106 
0.803279 
0.816050 
0.825727 
0.825070 
0.823317 
0.817666 
0.818382 
0.801035 
0.722406 
0.227611 
0.139071 
0.134433 
0.121364 
0.143912 
0.160207 
0.135769 
0.123311 
0.156425 
0.124651 
0.133269 
0.108544 
0.217410 
0.334486 
0.165560 
0.245893 
0.133528 
0.243065 
0.245404 
0.226418 
0.212596 
0.185276 
0.152987 
0.194346 
0.219496 
0.356134 
