0.077750 
0.058326 
0.062084 
0.059224 
0.051440 
0.055072 
0.049692 
0.049265 
0.044582 
0.041863 
0.035893 
0.032590 
0.026254 
0.019328 
0.015509 
0.009408 
0.004297 
0.002921 
-0.002900 
-0.009727 
-0.013403 
-0.021314 
-0.024853 
-0.029969 
-0.033405 
-0.035730 
-0.038574 
-0.040822 
-0.044970 
-0.045440 
-0.050698 
-0.051596 
-0.052466 
-0.055606 
-0.052606 
-0.051345 
-0.051573 
-0.048766 
-0.049687 
-0.048280 
-0.045881 
-0.046364 
-0.041261 
-0.039371 
-0.035894 
-0.030171 
-0.027995 
-0.023230 
-0.020704 
-0.016437 
-0.014282 
-0.008976 
-0.003932 
-0.000579 
0.006779 
0.008134 
0.014254 
0.017718 
0.019085 
0.025042 
0.027099 
0.030410 
0.035044 
0.038418 
0.039516 
0.043473 
0.044921 
0.045198 
0.046363 
0.046396 
0.046288 
0.047751 
0.047342 
0.046536 
0.047421 
0.043071 
0.040920 
0.040169 
0.034469 
0.034872 
0.030691 
0.026792 
0.024791 
0.019982 
0.017035 
0.012236 
0.008659 
0.003686 
-0.000053 
-0.003561 
-0.008676 
-0.010000 
-0.015374 
-0.019041 
-0.021047 
-0.026887 
-0.027037 
-0.031772 
-0.033552 
-0.035074 
-0.037246 
-0.037606 
-0.039353 
-0.039347 
-0.040992 
-0.040578 
-0.040629 
-0.041079 
-0.038828 
-0.038271 
-0.037099 
-0.033141 
-0.033936 
-0.029364 
-0.027905 
-0.027160 
-0.021942 
-0.022181 
-0.016735 
-0.013999 
-0.010359 
-0.007661 
-0.004148 
-0.001589 
0.001516 
0.005378 
0.007430 
0.010496 
0.014070 
0.016490 
0.019390 
0.023956 
0.023601 
0.027033 
0.027798 
0.028005 
0.031643 
0.031242 
0.033524 
0.034157 
0.034333 
0.034590 
0.034700 
0.033193 
0.032020 
0.032058 
0.029491 
0.029048 
0.027599 
0.025847 
0.023776 
0.020947 
0.018691 
0.015679 
0.012111 
0.010988 
0.007612 
0.004888 
0.002589 
-0.000910 
-0.003083 
-0.006680 
-0.009628 
-0.011095 
-0.015492 
-0.016143 
-0.017745 
-0.020571 
-0.021125 
-0.023715 
-0.024941 
-0.025505 
-0.027215 
-0.027112 
-0.027953 
-0.028384 
-0.027037 
-0.027045 
-0.025687 
-0.025593 
-0.024791 
-0.024637 
-0.022903 
-0.021674 
-0.020079 
-0.018153 
-0.016844 
-0.013934 
-0.012696 
-0.010898 
-0.008434 
-0.006920 
-0.004894 
-0.002309 
-0.000251 
0.001568 
0.003687 
0.006624 
0.007630 
0.009394 
0.010994 
0.012075 
0.014005 
0.015366 
0.017478 
0.018274 
0.018973 
0.019846 
0.020185 
0.020635 
0.021173 
0.021669 
0.021239 
0.021075 
0.021596 
0.021270 
0.020181 
0.019060 
0.018665 
0.016914 
0.015991 
0.014535 
0.013254 
0.012021 
0.009706 
0.008352 
0.006429 
0.004222 
0.002708 
0.001111 
-0.001324 
-0.002937 
-0.004321 
-0.006224 
-0.007213 
-0.009564 
-0.010122 
-0.012285 
-0.013794 
-0.013871 
-0.015383 
-0.015444 
-0.016345 
-0.016323 
-0.016643 
-0.016134 
-0.016306 
-0.016571 
-0.016677 
-0.016167 
-0.014807 
-0.014698 
-0.013017 
-0.012128 
-0.012040 
-0.010418 
-0.009935 
-0.009018 
-0.007657 
-0.006749 
-0.005593 
-0.004287 
-0.002805 
-0.001652 
-0.000573 
0.000479 
0.001221 
0.001922 
0.003188 
0.003783 
0.005181 
0.006539 
0.007310 
0.007962 
0.008370 
0.008083 
0.008713 
0.009661 
0.009554 
0.010908 
0.010975 
0.010917 
0.011589 
0.011267 
0.010930 
0.011272 
0.010348 
0.009965 
0.010442 
0.009831 
0.010291 
0.009477 
0.008494 
0.008133 
0.006393 
0.005773 
0.005214 
0.004138 
0.003502 
0.002767 
