-0.021506 
-0.020286 
-0.018363 
-0.018333 
-0.016868 
-0.013175 
-0.010917 
-0.009391 
-0.006065 
-0.001792 
-0.000266 
0.000000 
-0.000968 
0.004935 
0.009269 
0.014304 
0.016471 
0.014396 
0.020225 
0.020408 
0.019248 
0.022910 
0.022758 
0.027366 
0.028098 
0.022483 
0.029105 
0.029227 
0.028312 
0.028098 
0.021842 
0.024589 
0.027763 
0.027366 
0.025779 
0.020072 
0.016898 
0.013053 
0.010093 
0.009025 
0.009849 
0.008323 
0.001884 
-0.000724 
-0.001823 
-0.003440 
-0.007407 
-0.012382 
-0.016593 
-0.016166 
-0.015098 
-0.015220 
-0.015647 
-0.017814 
-0.020255 
-0.024528 
-0.026755 
-0.023826 
-0.020744 
-0.023063 
-0.024497 
-0.022269 
-0.021323 
-0.020682 
-0.021903 
-0.023307 
-0.021598 
-0.021354 
-0.020805 
-0.014365 
-0.013236 
-0.009299 
-0.009910 
-0.013633 
-0.009605 
-0.008445 
-0.005149 
-0.005210 
-0.001212 
0.003196 
0.004264 
0.005057 
0.003196 
0.005363 
0.004874 
0.007133 
0.008079 
0.012992 
0.017020 
0.020133 
0.018394 
0.013724 
0.015342 
0.014335 
0.017173 
0.018760 
0.022239 
0.023673 
0.022147 
0.024253 
0.023582 
0.024375 
0.022514 
0.017905 
0.017814 
0.016868 
0.023368 
0.022025 
0.016654 
0.015952 
0.009879 
0.005820 
0.003196 
0.004417 
0.002525 
0.002402 
-0.001609 
-0.004417 
-0.004111 
-0.008323 
-0.009208 
-0.013755 
-0.016318 
-0.016807 
-0.016227 
-0.019187 
-0.020225 
-0.017631 
-0.022239 
-0.020469 
-0.022422 
-0.024223 
-0.021598 
-0.025230 
-0.024039 
-0.019797 
-0.019950 
-0.015159 
-0.013724 
-0.014182 
-0.013053 
-0.013908 
-0.014823 
-0.010917 
-0.006461 
-0.004691 
-0.001578 
-0.003715 
0.000000 
0.000999 
-0.001060 
0.000846 
0.001426 
0.004844 
0.008994 
0.008964 
0.009940 
0.009421 
0.009238 
0.011130 
0.009269 
0.014579 
0.013755 
0.015250 
0.016288 
0.014915 
0.017631 
0.019126 
0.020316 
0.017387 
0.022452 
0.019065 
0.018058 
0.019340 
0.015739 
0.020988 
0.016868 
0.011924 
0.015891 
0.008689 
0.005973 
0.007163 
0.004325 
0.004966 
0.005668 
0.000144 
-0.002097 
-0.006492 
-0.006583 
-0.004020 
-0.007224 
-0.005637 
-0.010306 
-0.015189 
-0.015678 
-0.015159 
-0.011527 
-0.015647 
-0.015250 
-0.016563 
-0.022330 
-0.019462 
-0.017539 
-0.023612 
-0.018363 
-0.017326 
-0.019645 
-0.012077 
-0.011558 
-0.008048 
-0.009147 
-0.009269 
-0.005546 
-0.006950 
-0.011405 
-0.003684 
-0.008201 
-0.007041 
0.000968 
0.003379 
0.003165 
-0.002647 
-0.000663 
0.000846 
0.002402 
0.005942 
0.006248 
0.004050 
0.003348 
0.005912 
0.008079 
0.005942 
0.011466 
0.011466 
0.009483 
0.010703 
0.009818 
0.016776 
0.016379 
0.016135 
0.016990 
0.012107 
0.011771 
0.015617 
0.013267 
0.013389 
0.011924 
0.011649 
0.013511 
0.014915 
0.011069 
0.005576 
-0.000846 
0.000236 
0.005759 
0.003867 
0.000205 
-0.001640 
-0.005942 
-0.005790 
-0.007224 
-0.009360 
-0.010123 
-0.009483 
-0.007560 
-0.008018 
-0.008323 
-0.011497 
-0.013145 
-0.016746 
-0.016563 
-0.016105 
-0.012473 
-0.011680 
-0.013999 
-0.008994 
-0.008842 
-0.010764 
-0.006492 
-0.009360 
-0.010825 
-0.006431 
-0.006278 
-0.005851 
-0.005546 
0.002891 
0.002555 
-0.005881 
0.000000 
-0.000541 
0.005393 
0.001517 
0.003287 
0.002769 
0.005820 
0.002982 
-0.002036 
0.004935 
-0.001640 
0.003226 
0.004905 
0.002280 
0.000816 
0.004630 
0.007743 
0.004874 
0.008140 
0.003928 
0.004356 
0.005180 
0.006370 
0.017356 
0.007774 
0.008750 
0.004539 
0.004050 
0.008445 
0.008262 
0.008964 
0.009666 
0.007804 
0.002341 
0.005576 
0.002647 
0.003471 
0.002738 
0.003226 
0.006766 
-0.000480 
-0.003165 
0.001701 
-0.003410 
-0.002402 
-0.002555 
0.000236 
0.001029 
-0.009849 
-0.008475 
-0.008536 
-0.013969 
-0.005729 
-0.003867 
-0.009666 
-0.004203 
-0.003867 
-0.012260 
-0.011649 
-0.008628 
-0.010703 
-0.009940 
-0.000419 
-0.004508 
-0.005363 
-0.000449 
-0.002738 
-0.008384 
-0.006553 
-0.009116 
0.002341 
0.005912 
0.003471 
0.004233 
0.000022 
-0.001487 
0.004111 
-0.003318 
-0.000083 
0.009574 
0.002250 
0.006187 
0.000480 
-0.000327 
0.003104 
-0.002769 
0.000907 
0.008994 
-0.001121 
0.007499 
0.007316 
0.007651 
0.004966 
0.005027 
0.008018 
-0.004417 
0.000480 
0.005515 
0.005942 
0.003532 
-0.003837 
0.007255 
0.005607 
0.000175 
0.001182 
0.003532 
-0.012473 
0.000785 
0.006004 
-0.003348 
0.009025 
-0.002372 
-0.004783 
0.003806 
-0.000846 
-0.000236 
0.002372 
-0.015922 
0.007804 
-0.002555 
-0.006827 
0.011985 
-0.014335 
0.000175 
-0.001578 
-0.011649 
0.003928 
-0.005363 
-0.008842 
0.008109 
-0.011008 
-0.003532 
-0.004508 
-0.005332 
0.004844 
-0.010184 
-0.002036 
-0.002036 
-0.005271 
0.004600 
-0.003806 
0.003318 
-0.005210 
0.006919 
-0.001914 
-0.003379 
0.005515 
-0.017173 
-0.001609 
0.006492 
0.008567 
0.002250 
0.003837 
0.001731 
-0.002280 
-0.002097 
0.013236 
-0.006187 
0.008628 
-0.005759 
0.005119 
0.007529 
-0.014701 
0.011649 
-0.007407 
-0.010642 
0.007468 
0.004081 
0.004813 
0.005759 
0.007835 
-0.005424 
0.000602 
-0.001731 
-0.010306 
0.014854 
-0.003379 
-0.000968 
0.017051 
-0.019004 
0.006736 
0.001578 
-0.008445 
0.000327 
-0.000236 
0.010673 
-0.006492 
0.019462 
-0.014060 
0.010062 
-0.007926 
-0.012321 
0.000663 
-0.005576 
0.005180 
0.018180 
0.007346 
-0.008720 
-0.002708 
-0.007072 
-0.014091 
-0.001212 
-0.003471 
-0.003501 
0.006156 
-0.003226 
0.001731 
0.000571 
-0.005424 
-0.001029 
0.001640 
-0.005668 
0.012900 
-0.000877 
-0.007529 
-0.009513 
-0.001121 
0.008598 
-0.007194 
-0.000693 
0.005759 
0.005790 
0.005576 
0.012077 
0.002372 
-0.003867 
-0.003471 
-0.004844 
-0.013145 
0.007560 
-0.001578 
-0.000754 
0.016379 
-0.009330 
0.018577 
-0.000663 
-0.005393 
-0.001578 
-0.007133 
0.009818 
0.006187 
0.010520 
0.005607 
0.008445 
-0.010856 
-0.000175 
-0.001517 
-0.001823 
0.002555 
-0.002525 
0.011436 
-0.015922 
0.021232 
-0.010490 
0.000388 
0.004508 
-0.009391 
0.014304 
-0.004356 
0.006004 
-0.008750 
0.003654 
-0.000449 
-0.011222 
-0.002982 
-0.011619 
-0.003989 
-0.005393 
0.010398 
0.008079 
0.010886 
0.000968 
-0.010490 
-0.007774 
0.000754 
0.000236 
0.005729 
-0.004264 
-0.005485 
0.000938 
-0.008872 
0.007804 
-0.007529 
0.004661 
-0.001365 
-0.006065 
0.008140 
0.002952 
0.003593 
0.002799 
-0.005363 
-0.001304 
0.002494 
-0.005393 
0.007133 
0.010154 
0.007499 
0.000236 
-0.003287 
-0.002586 
-0.000297 
0.003348 
-0.002799 
-0.011100 
-0.009360 
0.006522 
-0.006248 
0.003776 
0.002525 
0.007133 
-0.022697 
0.012351 
